$ 1 0.000005 10.20027730826997 50 5 43
L 416 1440 416 1376 0 0 false 5 0
L 464 1440 464 1376 0 1 false 5 0
L 512 1440 512 1376 0 1 false 5 0
L 560 1440 560 1376 0 1 false 5 0
L 608 1440 608 1376 0 1 false 5 0
L 656 1424 656 1376 0 1 false 5 0
M 272 1376 272 1424 0 2.5
M 224 1376 224 1424 0 2.5
w 272 608 272 1376 0
M 128 1376 128 1424 0 2.5
M 176 1376 176 1424 0 2.5
M 32 1376 32 1424 0 2.5
M 80 1376 80 1424 0 2.5
M -16 1376 -16 1424 0 2.5
M -64 1376 -64 1424 0 2.5
x 463 1338 613 1341 4 24 6\sbits\sbinary
b 96 1344 -94 1452 0
b 110 1343 303 1454 0
x -12 1494 6 1497 4 24 D
x 201 1493 218 1496 4 24 U
g -64 1376 -64 1312 0
g -16 1376 -16 1312 0
w 32 1376 32 1264 0
w 80 1376 80 1264 0
w 128 1376 128 1264 0
w 176 1376 176 1264 0
w 224 1376 224 1264 0
b 677 1355 391 1463 0
w 464 1440 464 1488 0
w 512 1440 512 1488 0
w 560 1440 560 1488 0
w 608 1440 608 1488 0
! menor5 0 A,B,C,D S menor5 0000\q1\n0001\q1\n0010\q1\n0011\q1\n0100\q1\n0101\q0\n0110\q0\n0111\q0\n1000\q0\n1001\q0\n1010\q0\n1011\q0\n1100\q0\n1101\q0\n1110\q0\n1111\q0\n
208 -576 1088 -432 1088 0 menor5 0
x -550 1053 -515 1056 4 24 <5
x -560 1218 -510 1221 4 24 <10
207 464 1488 464 1520 4 A
207 512 1488 512 1520 4 B
207 560 1488 560 1520 4 C
207 608 1488 608 1520 4 D
! another 0 A,B,C,D S another 0000\q1\n0001\q1\n0010\q1\n0011\q1\n0100\q1\n0101\q1\n0110\q1\n0111\q1\n1000\q1\n1001\q1\n1010\q0\n1011\q0\n1100\q0\n1101\q0\n1110\q0\n1111\q0\n
208 -576 1248 -528 1248 0 another 0
207 -576 1088 -608 1088 4 A
207 -576 1120 -608 1120 4 B
207 -576 1152 -608 1152 4 C
207 -576 1184 -608 1184 4 D
207 -576 1344 -608 1344 4 D
207 -576 1312 -608 1312 4 C
207 -576 1280 -608 1280 4 B
207 -576 1248 -608 1248 4 A
184 -336 336 -304 336 0 2
184 -336 576 -304 576 0 2
184 -336 816 -304 816 0 2
w -272 496 -272 528 0
w -272 528 -176 528 0
w -176 528 -176 768 0
w -176 768 -272 768 0
w -272 736 -272 768 0
w -240 496 -144 496 0
w -144 496 -144 736 0
w -144 736 -240 736 0
w -208 576 -64 576 0
w -208 336 -64 336 0
w -208 816 -64 816 0
w -176 768 -176 1008 0
w -176 1008 -256 1008 0
w -240 976 -144 976 0
w -144 976 -144 736 0
w -272 976 -272 1008 0
207 -336 432 -368 432 4 B
207 -336 672 -368 672 4 C
207 -336 912 -368 912 4 D
w -64 336 128 336 0
w 128 336 128 1264 0
w -64 576 176 576 0
w 176 1264 176 768 0
w 224 1264 224 816 0
w 224 816 -64 816 0
w 176 576 176 768 0
w -336 336 -432 336 0
150 -528 400 -432 400 0 2 5 5
207 -528 384 -560 384 4 A
207 -528 416 -560 416 4 D
w -480 1248 -240 1248 0
w -480 1088 -288 1088 0
w -240 1248 -240 976 0
w 32 1248 32 1264 0
w -480 704 -480 656 0
152 -480 640 -400 640 0 2 5 5
150 -576 704 -480 704 0 2 5 5
w -656 720 -576 720 0
w -672 688 -576 688 0
w -672 640 -672 688 0
w -656 608 -656 720 0
w -656 640 -672 640 0
207 -672 640 -704 640 4 C
207 -656 608 -704 608 4 D
150 -576 624 -480 624 0 2 0 5
I -656 640 -576 640 0 0.5 5
I -656 608 -576 608 0 0.5 5
w -400 640 -336 640 0
I -416 880 -336 880 0 0.5 5
207 -416 880 -464 880 4 D
150 -528 336 -432 336 0 2 5 5
207 -528 352 -560 352 4 C
207 -528 320 -560 320 4 B
w -432 400 -336 400 0
207 -384 576 -416 576 4 C
I -384 576 -336 576 0 0.5 5
207 -336 816 -368 816 4 D
g -336 368 -368 368 0
g -336 608 -352 608 0
g -336 848 -368 848 0
w 656 1424 752 1424 0
w 752 1424 752 608 0
w 752 608 288 608 0
w 288 608 272 608 0
I -48 1248 32 1248 0 0.5 5
w -240 1248 -48 1248 0
150 -144 1184 -48 1184 0 2 5 5
150 -144 1120 -48 1120 0 2 5 5
150 -48 1152 48 1152 0 2 5 5
w -48 1120 -48 1136 0
w -48 1168 -48 1184 0
207 -144 1200 -176 1200 4 D
207 -144 1168 -176 1168 4 C
207 -144 1136 -176 1136 4 B
207 -144 1104 -176 1104 4 A
152 80 1168 80 1264 0 2 5 5
w 48 1152 64 1152 0
w 64 1152 64 1168 0
w 96 1168 96 1040 0
w 96 1040 64 1040 0
150 -32 1040 64 1040 0 2 0 5
w -144 976 -32 976 0
w -32 976 -32 1024 0
w -176 1008 -176 1056 0
w -176 1056 -112 1056 0
I -112 1056 -32 1056 0 0.5 5
w 48 1152 48 1088 0
w 48 1088 -208 1088 0
152 -272 1088 -272 1008 0 2 5 5
w -272 1008 -256 1008 0
w -256 1088 -208 1088 0

