$ 1 0.000005 1.500424758475255 50 5 50
. 74LS83 0 3 11 14 A1 24 0 2 A2 20 1 2 A3 6 2 2 A4 10 3 2 B1 23 5 2 B2 21 6 2 B3 7 7 2 B4 9 8 2 C0 25 10 2 C4 12 7 3 S1 26 3 3 S2 22 4 3 S3 8 5 3 S4 11 6 3 OrGateElm\s1\s2\s3\rAndGateElm\s4\s5\s1\rAndGateElm\s6\s7\s2\rXorGateElm\s4\s5\s8\rXorGateElm\s6\s7\s4\rXorGateElm\s10\s9\s13\rXorGateElm\s13\s3\s11\rAndGateElm\s10\s9\s14\rAndGateElm\s13\s3\s15\rOrGateElm\s15\s14\s12\rOrGateElm\s16\s17\s5\rAndGateElm\s18\s19\s16\rAndGateElm\s20\s21\s17\rXorGateElm\s18\s19\s22\rXorGateElm\s20\s21\s18\rXorGateElm\s24\s23\s27\rXorGateElm\s27\s25\s26\rAndGateElm\s24\s23\s28\rAndGateElm\s27\s25\s29\rOrGateElm\s29\s28\s19 0\\s2\\s0\\s5\s0\\s2\\s0\\s5\s0\\s2\\s0\\s5\s0\\s2\\s0\\s5\s0\\s2\\s0\\s5\s0\\s2\\s0\\s5\s0\\s2\\s0\\s5\s0\\s2\\s0\\s5\s0\\s2\\s0\\s5\s0\\s2\\s0\\s5\s0\\s2\\s0\\s5\s0\\s2\\s0\\s5\s0\\s2\\s0\\s5\s0\\s2\\s0\\s5\s0\\s2\\s0\\s5\s0\\s2\\s0\\s5\s0\\s2\\s0\\s5\s0\\s2\\s0\\s5\s0\\s2\\s0\\s5\s0\\s2\\s0\\s5
410 176 256 336 480 1 74LS83 0\s2\s5\s5 0\s2\s5\s5 0\s2\s0\s5 0\s2\s0\s5 0\s2\s5\s5 0\s2\s0\s5 0\s2\s5\s5 0\s2\s0\s5 0\s2\s0\s5 0\s2\s0\s5 0\s2\s5\s5 0\s2\s5\s5 0\s2\s0\s5 0\s2\s0\s5 0\s2\s5\s5 0\s2\s0\s5 0\s2\s5\s5 0\s2\s5\s5 0\s2\s0\s5 0\s2\s5\s5
155 -288 -64 -176 -64 0 5
155 -288 64 -240 64 0 0
155 -288 192 -256 192 0 5
155 -288 320 -128 320 0 0
155 -288 448 -176 448 0 0
s -416 -32 -352 -32 0 1 true
R -416 -32 -464 -32 0 0 40 5 0 0 0.5
r -352 -32 -352 16 0 10000
w -288 -64 -416 -64 0
w -416 -64 -416 -32 0
g -352 16 -352 32 0
w -352 -32 -288 -32 0
w -352 96 -288 96 0
g -352 144 -352 160 0
w -416 64 -416 96 0
w -288 64 -416 64 0
r -352 96 -352 144 0 10000
R -416 96 -464 96 0 0 40 5 0 0 0.5
s -416 96 -352 96 0 1 true
w -352 224 -288 224 0
g -352 272 -352 288 0
w -416 192 -416 224 0
w -288 192 -416 192 0
r -352 224 -352 272 0 10000
R -416 224 -464 224 0 0 40 5 0 0 0.5
s -416 224 -352 224 0 1 true
w -352 352 -288 352 0
g -352 400 -352 416 0
w -416 320 -416 352 0
w -288 320 -416 320 0
r -352 352 -352 400 0 10000
R -416 352 -464 352 0 0 40 5 0 0 0.5
s -416 352 -352 352 0 1 true
s -416 1088 -352 1088 0 1 true
R -416 1088 -464 1088 0 0 40 5 0 0 0.5
r -352 1088 -352 1136 0 10000
w -288 1056 -416 1056 0
w -416 1056 -416 1088 0
g -352 1136 -352 1152 0
w -352 1088 -288 1088 0
s -416 880 -352 880 0 1 true
R -416 880 -464 880 0 0 40 5 0 0 0.5
r -352 880 -352 928 0 10000
w -288 848 -416 848 0
w -416 848 -416 880 0
g -352 928 -352 944 0
w -352 880 -288 880 0
s -416 752 -352 752 0 1 true
R -416 752 -464 752 0 0 40 5 0 0 0.5
r -352 752 -352 800 0 10000
w -288 720 -416 720 0
w -416 720 -416 752 0
g -352 800 -352 816 0
w -352 752 -288 752 0
w -352 624 -288 624 0
g -352 672 -352 688 0
w -416 592 -416 624 0
w -288 592 -416 592 0
r -352 624 -352 672 0 10000
R -416 624 -464 624 0 0 40 5 0 0 0.5
s -416 624 -352 624 0 1 true
155 -288 1056 -128 1056 0 5
155 -288 848 -256 848 0 5
155 -288 720 -240 720 0 5
155 -288 592 -176 592 0 0
s -416 480 -352 480 0 1 true
R -416 480 -464 480 0 0 40 5 0 0 0.5
r -352 480 -352 528 0 10000
w -288 448 -416 448 0
w -416 448 -416 480 0
g -352 528 -352 544 0
w -352 480 -288 480 0
w -192 320 112 320 0
w 176 352 112 352 0
w 112 320 112 352 0
w 176 320 128 320 0
w 128 320 128 192 0
w 176 288 144 288 0
w 176 256 160 256 0
w 160 256 160 -64 0
w -192 192 128 192 0
w -192 64 144 64 0
w 144 64 144 288 0
w -192 -64 160 -64 0
w 176 576 176 1056 0
154 -96 464 16 464 0 2 5 5
154 -96 608 16 608 0 2 5 5
154 -96 864 16 864 0 2 0 5
154 -96 736 16 736 0 2 0 5
w -192 448 -96 448 0
w -192 592 -96 592 0
w -192 720 -96 720 0
w -192 848 -96 848 0
w -96 480 -96 624 0
w -96 624 -96 752 0
w -96 752 -96 880 0
w -192 1056 -96 1056 0
w -96 1056 176 1056 0
w -96 880 -96 1056 0
w 16 464 112 464 0
w 112 464 112 416 0
w 112 416 176 416 0
w 176 448 128 448 0
w 128 448 128 608 0
w 128 608 16 608 0
w 176 480 144 480 0
w 144 480 144 736 0
w 144 736 16 736 0
w 176 512 160 512 0
w 160 512 160 864 0
w 160 864 16 864 0
b -624 -112 -166 411 0
b -628 431 -170 942 0
x -586 180 -537 183 4 72 A
x -577 709 -528 712 4 72 B
154 592 320 704 320 0 2 0 5
154 592 416 704 416 0 2 5 5
154 592 512 704 512 0 2 5 5
154 592 608 704 608 0 2 0 5
410 800 416 960 640 1 74LS83 0\s2\s0\s5 0\s2\s0\s5 0\s2\s0\s5 0\s2\s5\s5 0\s2\s5\s5 0\s2\s0\s5 0\s2\s0\s5 0\s2\s0\s5 0\s2\s0\s5 0\s2\s0\s5 0\s2\s0\s5 0\s2\s0\s5 0\s2\s0\s5 0\s2\s5\s5 0\s2\s5\s5 0\s2\s0\s5 0\s2\s5\s5 0\s2\s0\s5 0\s2\s0\s5 0\s2\s0\s5
w 592 336 560 336 0
w 560 336 560 432 0
w 560 432 592 432 0
w 560 432 560 528 0
w 560 528 592 528 0
w 560 528 560 624 0
w 560 624 592 624 0
w 592 592 528 592 0
w 592 496 528 496 0
w 592 304 528 304 0
g 800 576 784 576 0
g 800 608 784 608 0
g 800 640 784 640 0
g 800 672 784 672 0
w 704 320 800 320 0
w 800 320 800 416 0
w 704 608 736 608 0
w 736 608 736 512 0
w 736 512 800 512 0
w 704 512 704 480 0
w 704 480 800 480 0
w 704 416 704 448 0
w 704 448 800 448 0
w 304 480 384 480 0
w 384 480 384 720 0
I 384 720 464 720 0 0.5 5
w 624 736 800 736 0
w 304 352 304 304 0
w 304 304 528 304 0
w 304 416 496 416 0
w 496 416 496 496 0
w 496 496 528 496 0
w 304 448 464 448 0
w 464 448 464 592 0
w 464 592 528 592 0
w 592 400 528 400 0
w 528 400 528 384 0
w 528 384 304 384 0
w 560 624 560 688 0
w 560 688 624 688 0
w 624 688 624 736 0
w 624 736 624 784 0
w 176 1056 352 1056 0
w 352 1056 352 832 0
150 464 736 576 736 0 2 5 5
w 352 832 352 752 0
w 352 752 464 752 0
w 576 736 624 736 0
w 384 720 384 816 0
w 624 784 912 784 0
w 352 1056 976 1056 0
184 912 784 992 784 0 1
w 384 816 912 816 0
I 976 992 976 880 0 0.5 5
w 976 1056 976 992 0
w 1008 784 1008 688 0
w 976 1056 1216 1056 0
w 992 512 1168 512 0
w 1168 544 992 544 0
w 992 576 1168 576 0
w 1168 608 992 608 0
! default 0 D,C,B,A Y5,Y4,Y3,Y2,Y1 6\sbits\sbinary\sto\sBCD 0000\s\q\s00000\n0001\s\q\s00001\n0010\s\q\s00010\n0011\s\q\s00011\n0100\s\q\s00100\n0101\s\q\s01000\n0110\s\q\s01001\n0111\s\q\s01010\n1000\s\q\s01011\n1001\s\q\s01100\n1010\s\q\s10000\n1011\s\q\s10001\n1100\s\q\s10010\n1101\s\q\s10011\n1110\s\q\s10100\n1111\s\q\s11000\n
208 1168 512 1456 512 2048 default 0 0 0 5 5
w 1168 480 1264 480 0
w 1168 480 1168 512 0
157 1856 928 1904 928 2048 7 0 0
197 1296 384 1344 384 2048
197 1296 624 1344 624 2048
w 1264 640 1264 752 0
w 1264 752 1296 752 0
w 1264 608 1280 608 0
w 1280 608 1280 720 0
w 1280 720 1296 720 0
157 1632 928 1680 928 2048 7 0 0
w 928 512 992 512 0
w 928 544 992 544 0
w 928 576 992 576 0
w 928 608 992 608 0
150 1088 640 1168 640 0 2 0 5
w 1088 880 1088 656 0
w 1008 688 1008 624 0
w 1008 624 1088 624 0
157 1408 928 1456 928 2048 7 0 0
150 1216 880 1312 880 0 2 5 5
w 1008 688 1216 688 0
w 1088 880 976 880 0
w 1424 816 1584 816 0
w 1632 1024 1584 1024 0
w 1584 1024 1584 816 0
w 1632 992 1600 992 0
w 1600 992 1600 784 0
w 1632 960 1616 960 0
w 1616 960 1616 752 0
w 1632 928 1632 720 0
w 1424 784 1600 784 0
w 1616 752 1424 752 0
w 1424 720 1632 720 0
w 1424 688 1696 688 0
w 1696 896 1696 688 0
w 1424 656 1728 656 0
w 1728 656 1728 896 0
w 1760 896 1760 624 0
w 1424 624 1760 624 0
w 1424 576 1808 576 0
w 1856 928 1856 480 0
w 1840 960 1840 512 0
w 1856 960 1840 960 0
w 1824 992 1824 544 0
w 1808 1024 1808 576 0
w 1824 992 1856 992 0
w 1808 1024 1856 1024 0
w 1424 544 1824 544 0
w 1840 512 1424 512 0
w 1424 480 1856 480 0
w 1424 448 1920 448 0
w 1920 448 1920 896 0
w 1424 416 1952 416 0
w 1952 416 1952 896 0
w 1984 896 1984 384 0
w 1984 384 1424 384 0
w 1264 480 1296 480 0
w 1264 512 1296 512 0
w 1264 544 1296 544 0
w 1264 576 1296 576 0
w 1536 896 1536 880 0
w 1536 880 1312 880 0
w 1216 688 1216 864 0
w 1216 1056 1216 896 0

